100
3
10 1 2
10 1 1
5 1 1
7
6691 2 3
5869 2 3
6274 2 3
8033 2 3
6222 2 3
6241 2 3
6406 2 3
4
3220 4 5
3180 4 6
4338 4 6
4295 4 5
15
6817 2 3
6949 2 3
5768 2 3
6445 2 3
6271 2 3
7627 2 3
8343 2 3
7115 2 3
8225 2 3
7701 2 3
6032 2 3
6451 2 3
8226 2 3
8221 2 3
6826 2 3
14
9831 5 7
7690 6 8
8251 5 8
7683 6 7
7317 5 8
9707 5 7
9778 5 8
7174 6 7
9098 5 7
7341 5 8
9595 6 8
9663 6 8
7841 5 7
7512 5 8
5
1374 8 10
1099 8 10
1359 8 11
945 8 9
1006 8 10
11
2190 8 11
2528 7 10
2110 8 11
2186 7 10
2520 7 9
2298 8 10
1842 7 9
2141 7 10
2309 8 9
2451 7 11
2540 8 11
3
10133 3 4
7720 3 4
8090 3 4
9
4347 2 3
3394 2 3
3399 2 3
4867 2 3
4035 2 3
3422 2 3
5008 2 3
4547 2 3
3724 2 3
7
2799 7 9
2166 6 9
2744 6 9
2052 7 9
2474 7 10
2124 6 10
2726 7 9
5
8159 2 3
8886 2 3
9693 2 3
9885 2 3
9685 2 3
4
1636 3 4
1176 3 4
1380 3 4
1486 3 4
9
1563 3 4
1565 3 4
1521 3 4
2082 3 4
2063 3 4
1463 3 4
2034 3 4
1445 3 4
1688 3 4
5
4734 2 3
4669 2 3
5453 2 3
5376 2 3
5154 2 3
5
7395 8 9
7384 8 9
9556 7 9
7343 8 9
10304 7 10
4
2475 3 4
1919 3 4
2326 3 4
2264 3 4
9
1559 8 11
2053 7 11
2011 8 11
1461 7 11
1501 7 10
1476 8 10
1985 7 9
1620 8 11
1921 8 11
10
5381 5 7
4476 5 7
4098 4 6
5192 4 6
5141 4 7
4362 4 6
4456 4 7
4660 4 6
5172 5 7
4258 5 6
7
8015 4 6
11790 4 5
10929 4 5
9373 4 5
8063 4 6
8745 4 6
8122 4 5
8
7332 4 5
5131 4 5
7496 4 6
7573 4 5
6551 4 5
7559 4 5
6029 4 5
6588 4 5
11
10512 4 7
9788 4 6
10907 5 6
9822 4 6
9334 4 7
10541 4 7
10965 4 7
8045 5 6
9101 4 7
11161 4 6
7696 4 6
5
4074 5 6
3005 5 6
3971 5 7
3172 4 6
3438 5 7
12
959 4 5
1012 4 5
1109 4 5
827 4 6
938 4 5
825 4 5
920 4 5
1113 4 6
955 4 5
945 4 5
1057 4 6
1094 4 5
3
8347 3 4
7720 3 4
8345 3 4
5
3737 8 9
4492 8 9
4235 7 10
3571 7 9
4792 7 11
5
120 2 3
110 2 3
120 2 3
130 2 3
140 2 3
4
5801 2 3
5228 2 3
4467 2 3
6248 2 3
4
10019 5 6
8573 4 7
7102 5 7
7252 5 6
8
1943 6 8
2444 6 7
1979 6 8
2008 6 7
2207 5 7
2117 6 7
1913 5 7
2390 5 8
8
3246 4 5
3294 4 6
2951 4 5
3698 4 6
2799 4 6
3984 4 5
3700 4 6
2740 4 6
4
2556 4 6
2117 4 6
2744 4 5
2936 4 6
16
6384 4 6
7625 4 6
6070 4 5
7425 4 6
5411 4 6
7122 4 6
5743 4 6
6427 4 6
7034 4 6
7633 4 5
6179 4 5
7556 4 6
5611 4 6
5932 4 6
6252 4 6
6262 4 6
10
4982 7 11
5170 7 11
5176 8 9
4763 8 10
4565 7 11
4767 7 9
4062 8 11
5144 7 11
4070 7 10
3640 8 10
14
4604 4 6
6332 4 6
4838 5 7
6385 5 7
5604 5 6
4378 4 7
4906 4 6
5477 5 6
4610 5 7
4521 5 7
4703 5 6
6164 5 7
5417 4 7
5212 5 7
4
10451 7 9
10482 6 10
10533 7 9
7608 6 8
9
8759 2 3
7894 2 3
6390 2 3
7433 2 3
8832 2 3
7870 2 3
6786 2 3
7764 2 3
8702 2 3
12
5117 4 6
5868 4 5
5685 4 5
5791 4 5
5505 4 5
6698 4 5
4907 4 5
5132 4 5
6022 4 5
5452 4 5
6745 4 5
6422 4 5
9
6650 7 10
6744 6 10
6146 6 8
6498 7 9
5075 6 8
6462 6 10
4914 7 10
5719 6 9
5486 7 8
11
2482 5 7
2955 6 8
3086 5 8
2287 5 7
3204 6 7
2900 6 8
2911 5 8
3238 5 8
2946 6 8
3219 6 8
3069 6 7
5
4565 2 3
4430 2 3
4967 2 3
3931 2 3
4289 2 3
8
835 6 10
787 6 9
798 6 10
1021 7 10
884 6 8
937 6 8
864 6 9
970 6 8
15
5300 2 3
6033 2 3
4464 2 3
4414 2 3
5922 2 3
4368 2 3
6021 2 3
5617 2 3
5961 2 3
4672 2 3
4384 2 3
5138 2 3
6165 2 3
5118 2 3
5715 2 3
15
3329 3 4
4133 3 4
3633 3 4
3359 3 4
3750 3 4
3620 3 4
3647 3 4
3316 3 4
3209 3 4
3797 3 4
4010 3 4
3185 3 4
3734 3 4
3905 3 4
3759 3 4
10
3014 5 6
3792 4 7
4035 4 7
4046 5 7
2803 4 6
2993 5 7
3640 5 7
3849 5 6
2831 4 7
2880 4 7
12
3111 4 5
3234 4 5
3550 4 5
4287 4 5
3706 4 6
3779 4 6
4042 4 5
3940 4 6
3528 4 5
3899 4 5
4385 4 6
3221 4 6
8
80 4 7
36 7 9
130 3 6
78 5 7
156 4 6
120 5 5
140 2 8
76 6 6
4
10511 7 10
7556 7 11
10719 8 10
7649 7 10
9
1099 4 6
1004 5 6
976 5 6
920 5 7
1304 5 7
958 5 6
1065 5 7
1187 4 7
898 5 6
13
2257 6 10
2311 7 9
2841 7 9
2604 7 10
3056 6 10
2565 7 9
2980 6 8
2828 7 9
2846 7 10
2818 7 8
3221 6 9
2296 6 9
2485 7 9
9
5141 6 10
6188 6 8
7403 6 8
6249 7 8
7039 7 10
7285 6 9
6274 7 8
5908 7 10
6755 6 8
13
1162 5 8
1076 6 8
1035 5 8
1404 6 8
1195 6 8
1038 5 8
1457 6 7
1205 6 8
1147 6 8
1284 5 8
1138 5 8
1078 6 7
1220 5 8
16
2517 8 11
2308 7 10
2356 7 9
2609 8 11
2479 8 11
3158 7 11
2514 7 9
2708 8 11
3136 7 11
3020 7 11
3282 7 11
3096 8 9
3235 8 11
2865 8 11
2257 8 9
3135 8 10
13
4625 2 3
4881 2 3
5298 2 3
4740 2 3
4288 2 3
3867 2 3
3916 2 3
4440 2 3
4058 2 3
3777 2 3
5395 2 3
4238 2 3
5026 2 3
7
6810 5 7
7600 4 7
7313 5 7
6389 4 7
7729 4 7
6287 4 7
6701 5 6
7
5403 4 5
5008 4 5
5639 4 6
5785 4 6
4652 4 5
5251 4 5
5350 4 5
8
8614 5 6
10523 4 7
10787 5 6
10373 5 7
10503 5 7
7806 4 6
7468 5 6
10306 5 6
16
1193 3 4
1562 3 4
1177 3 4
1153 3 4
1629 3 4
1441 3 4
1451 3 4
1549 3 4
1303 3 4
1292 3 4
1525 3 4
1490 3 4
1701 3 4
1388 3 4
1474 3 4
1683 3 4
7
6204 4 6
7136 4 7
5837 5 7
5146 5 7
6743 4 7
5309 4 7
6424 5 6
3
283 5 7
241 5 8
319 6 8
16
5783 4 5
5826 4 5
5854 4 6
7673 4 6
7438 4 5
6204 4 5
5881 4 5
7650 4 6
5715 4 6
7593 4 6
6915 4 6
5251 4 6
5990 4 5
7534 4 5
6859 4 5
6363 4 6
3
7355 4 6
9303 5 6
9087 4 7
14
10560 3 4
9815 3 4
9142 3 4
8689 3 4
8695 3 4
10428 3 4
10551 3 4
9154 3 4
10179 3 4
9424 3 4
8736 3 4
7291 3 4
9853 3 4
10122 3 4
16
9271 7 9
10462 6 8
8453 7 9
11166 7 9
10289 7 8
10422 6 8
8925 6 10
8690 6 10
9486 6 10
10679 6 10
11161 6 9
8041 7 9
9560 6 10
10274 7 10
7939 7 10
8398 6 9
7
6854 8 10
6165 8 9
6663 7 11
6163 8 11
4924 8 11
5409 8 10
5841 7 10
3
2926 5 7
2265 6 7
2485 6 8
13
7815 7 9
10581 6 10
10680 7 9
9878 7 10
11038 6 8
11522 7 9
10916 7 8
9539 7 10
10974 6 8
7823 7 8
7814 6 9
9639 6 8
11612 7 10
8
6374 6 9
7684 6 10
9272 6 8
7281 6 8
6931 6 8
9201 6 8
6481 6 8
8219 7 10
15
8137 2 3
7812 2 3
8205 2 3
6902 2 3
7308 2 3
7563 2 3
7133 2 3
8250 2 3
6857 2 3
6847 2 3
5776 2 3
6024 2 3
5696 2 3
8269 2 3
6133 2 3
7
9865 4 5
9674 4 5
7419 4 5
6658 4 6
8164 4 6
8859 4 6
7579 4 5
9
1395 7 11
1310 8 11
1866 7 10
1677 7 10
1514 8 10
1826 7 11
1916 8 9
1798 7 9
1599 7 10
13
8360 8 9
8977 7 11
9466 8 9
9918 7 9
11467 8 9
9523 7 10
10605 8 10
10315 7 10
9880 8 10
8747 8 10
9047 7 10
8767 8 11
11094 8 11
10
1041 4 6
1317 4 6
1440 4 6
1058 4 5
1492 4 6
1251 4 6
1100 4 6
1500 4 6
1301 4 6
1123 4 6
11
5244 2 3
4975 2 3
5932 2 3
6017 2 3
4083 2 3
5792 2 3
4303 2 3
4610 2 3
4479 2 3
5813 2 3
5341 2 3
7
3438 4 5
3714 4 6
3285 4 6
2753 4 5
3592 4 6
2526 4 5
2898 4 6
6
6928 2 3
6427 2 3
5975 2 3
6108 2 3
6558 2 3
6291 2 3
3
9007 5 8
6915 6 7
7930 6 8
9
3182 4 6
3266 4 6
3230 4 7
3940 5 7
3994 5 7
3571 4 6
3767 4 7
3724 5 6
3791 4 7
8
6711 4 6
6101 4 5
6841 4 5
8448 4 5
7130 4 6
7390 4 5
6032 4 6
6996 4 6
11
3598 6 10
4715 7 9
3639 7 8
4690 6 10
4464 7 10
3667 7 9
4214 7 8
3845 7 8
3737 7 9
3759 6 10
4703 6 8
3
588 5 6
558 5 7
568 4 6
7
884 8 9
881 8 9
791 7 9
1072 7 9
833 8 9
1051 8 11
1009 7 9
16
8063 7 10
7359 7 10
6821 7 10
8953 6 10
7410 7 9
6334 6 10
8034 6 10
8964 7 9
8995 7 9
7507 7 9
8068 6 8
7097 6 9
7744 7 8
8449 7 8
6231 6 10
8597 7 9
16
4261 7 9
4157 8 11
5580 8 11
5735 7 10
4512 7 10
5476 7 11
5429 8 11
4442 7 11
4858 8 10
5681 8 11
5522 7 9
5624 7 10
6093 8 11
5606 8 9
5688 8 10
4653 8 9
16
4982 8 10
5429 7 10
5054 7 9
4711 7 11
5047 8 10
5776 8 10
6016 8 10
5405 8 9
6114 7 11
4408 7 10
6227 7 10
5092 7 9
4811 7 9
5823 7 11
5284 8 10
5022 7 9
10
3291 3 4
3249 3 4
2694 3 4
3556 3 4
3919 3 4
3795 3 4
3283 3 4
3862 3 4
2878 3 4
3116 3 4
3
6642 2 3
6310 2 3
6347 2 3
13
5373 4 6
4200 4 6
5086 4 6
4598 4 6
4329 4 6
4812 4 6
4432 4 6
5489 4 5
5283 4 5
5418 4 6
4965 4 5
4406 4 6
5226 4 6
10
1154 2 3
1027 2 3
1024 2 3
1278 2 3
1369 2 3
1455 2 3
1457 2 3
1457 2 3
1050 2 3
1043 2 3
8
39 7 9
30 7 9
36 7 10
27 7 9
37 7 10
38 6 8
30 6 9
27 6 8
5
1688 2 3
1640 2 3
1914 2 3
1914 2 3
1768 2 3
8
6189 5 6
5584 4 7
6006 5 6
6017 5 6
4450 5 7
5903 5 7
6391 4 7
5961 4 7
14
9815 2 3
9656 2 3
9596 2 3
11162 2 3
9192 2 3
9849 2 3
9027 2 3
9965 2 3
9676 2 3
9641 2 3
8445 2 3
10168 2 3
8107 2 3
9128 2 3
15
4850 5 7
5365 4 7
4916 5 7
5625 4 7
6648 4 7
5982 5 7
4540 4 6
6282 4 7
5298 5 7
6681 4 6
6200 5 6
4561 4 7
6548 5 7
5845 4 6
5624 5 6
11
4107 6 9
3549 7 8
4705 6 8
4165 6 10
3635 6 10
3749 7 9
3582 6 8
3641 7 8
3852 6 8
3752 6 10
4394 6 9
12
10609 6 9
9752 7 9
9657 6 8
9727 7 9
10072 7 10
10360 6 10
8318 6 8
9917 6 10
9661 7 9
8985 7 8
7567 6 8
7596 6 8
13
4199 7 8
4120 7 9
4437 6 9
4501 6 9
4200 6 8
4075 6 9
3342 7 9
4411 7 9
3210 7 8
3666 6 10
3681 7 8
3570 7 9
3253 7 10
8
1344 5 6
1448 4 6
1275 4 7
1374 5 6
1107 4 6
1173 5 7
1184 5 7
1198 4 7
9
5037 8 10
4340 7 10
5232 8 10
5728 8 11
4604 7 11
4495 8 10
4897 8 10
4490 7 11
5291 7 11
10
875 6 10
783 6 9
879 7 8
699 6 10
808 6 10
732 7 9
998 7 9
773 6 10
892 7 10
796 7 9
6
5829 2 3
5258 2 3
5249 2 3
5253 2 3
4331 2 3
4541 2 3
