100
3 3
-17 -19 -18
7 -1 5
-18 10 -12
4 7
-17 9 10 7 4 10 7
-2 -10 -20 -18 -16 4 -9
-14 -17 -2 -18 -9 -6 6
-20 7 1 -6 -10 -18 0
6 4
-13 -9 3 -17
-18 4 -14 -15
-1 1 -19 -13
3 -3 1 -11
-17 -11 3 -19
-9 -17 -4 -19
6 5
5 -14 -10 -15 -10
-6 -6 -13 -2 3
-8 -18 -20 -3 -13
-14 -17 -7 -16 5
-9 -12 -3 0 10
-18 -11 -19 -3 0
3 5
-15 -16 9 -1 1
-1 -18 -10 -6 -6
5 -11 -20 4 -17
6 4
-7 -18 3 -7
-15 -10 -16 9
10 -19 -14 -20
-7 -18 -7 10
-1 -16 -11 6
-17 -10 5 -9
5 5
-7 1 2 10 4
1 -19 -17 -8 -2
-13 -20 -6 4 -18
-11 0 -6 -19 -9
2 -11 -5 -15 -6
4 6
-6 -10 -18 4 3 10
-17 -20 0 -7 -19 -13
2 -2 -20 -7 -10 -5
-10 7 -20 -20 8 -18
7 4
7 5 -17 0
-14 -8 -16 6
4 3 -13 7
-2 -15 -12 -20
9 7 -7 1
-12 -9 -10 -15
-15 2 -13 9
4 5
-8 -12 7 -11 -19
-15 -20 0 -13 6
5 0 5 -7 -2
-18 8 -5 -9 -5
5 4
2 -17 4 10
-15 -3 -1 -10
-4 10 -19 -8
-20 -6 3 -20
2 -7 -2 -2
7 3
0 -8 -12
6 -17 -6
-3 -9 -5
8 -2 -8
5 9 -8
0 10 0
8 -2 2
3 5
-9 -5 -15 3 8
-16 6 -6 9 -8
-19 -10 -19 9 -9
3 7
8 4 0 5 5 5 4
-13 10 -14 1 -1 0 -9
3 7 -16 9 8 -18 -9
4 7
-19 10 3 -17 -13 -12 -8
-6 -15 7 3 -5 0 -6
-14 -1 -1 -19 -7 -9 2
10 9 0 -16 -13 -4 2
7 6
-13 -5 -11 9 -10 -16
-2 -15 5 -15 -13 -14
-20 2 10 -3 7 2
-19 3 3 -12 -11 -12
9 -8 9 -8 -13 -12
-1 6 6 -15 -2 -20
-19 -14 0 -13 3 0
6 5
-10 7 9 -16 -17
-8 8 -19 -13 -14
-12 -18 -20 2 -20
6 9 9 8 -11
-20 -13 0 -7 3
6 -19 -13 -17 -16
5 7
2 -17 3 -3 -9 9 -10
-5 -11 -6 -11 -9 -12 -6
-3 7 -1 5 -20 -13 8
-4 -14 -1 -3 -4 -11 -1
0 5 -5 10 -15 -5 -15
3 7
5 7 -1 -20 -19 -8 -11
-7 -8 -17 -14 4 9 -5
8 6 5 -1 10 10 2
5 4
-5 -15 1 10
7 -8 8 6
0 1 3 6
-13 -11 -14 1
-13 -16 10 8
4 5
8 -13 6 -5 -4
4 -13 -19 -6 -19
-14 3 -14 0 -5
0 -7 -15 10 10
5 3
-11 7 -15
-13 -14 1
-2 -9 -3
-3 -8 -12
-14 -1 6
3 4
-13 -12 -13 -6
-20 -15 -17 -10
-2 -9 -19 -5
4 7
-10 -5 -10 9 -10 -20 -10
-4 -5 3 -14 -8 2 -14
3 2 -11 -4 7 -13 -3
-10 -2 -8 -17 6 8 -18
6 3
-19 -12 -16
-1 -11 -16
-10 -12 -7
-14 -10 -1
5 -20 8
-8 -5 -17
6 7
1 -9 7 3 4 3 5
-12 -5 -13 -12 -17 -3 -16
4 -5 -20 -7 -16 6 -17
7 -2 0 -11 4 -19 -7
-3 -16 -8 -5 1 8 4
-1 10 -7 -17 0 4 -19
3 6
9 -8 -6 4 5 -9
-5 -13 10 10 2 -20
-9 2 -19 -17 -9 -13
7 7
-2 -15 -3 3 -17 -12 -12
-19 10 -7 2 -7 -17 0
-4 3 -1 -11 -19 -8 -9
-8 1 4 -5 -7 -20 9
9 3 -13 -15 2 -18 -11
5 4 9 -12 -3 -4 -6
-15 8 -20 -8 6 9 -17
4 5
-17 10 -12 5 -16
-4 -2 -12 8 -14
6 -17 -19 -6 6
5 -2 -19 -19 4
6 4
-20 -12 -15 10
3 -6 -4 -19
-11 -3 -3 -2
-12 0 8 -3
-9 -11 10 -8
-7 -5 -8 -20
4 5
6 5 -11 6 3
-13 -7 -8 5 -3
-14 -11 2 4 -13
-12 9 -20 6 -3
6 6
-8 -19 -5 -9 -20 3
5 -12 -7 -6 -2 5
9 6 -4 4 -17 -2
1 3 5 -18 -19 -15
8 1 5 -8 -3 -16
-3 -13 -6 6 -3 -8
4 4
-1 2 5 -14
-8 10 -4 5
-6 9 -18 -1
-8 -15 -16 -1
4 7
1 9 -5 -5 -12 -2 -8
9 -2 5 -1 -1 -9 3
-6 -17 5 3 -19 -16 -2
7 8 1 -2 9 6 0
3 5
0 0 -18 9 7
-20 -18 2 -7 3
3 -2 -14 -15 5
6 4
10 -6 7 -15
-5 -6 10 -10
-6 -5 -12 -7
8 -8 5 -5
-10 -18 -13 3
2 0 5 -13
4 7
-11 2 -11 -8 -1 -1 6
-14 -2 6 0 -18 -2 7
-13 7 -3 -7 -19 -18 -5
-11 -10 10 4 -2 1 -13
4 4
10 -13 -11 -18
-3 -6 -15 6
8 -12 -13 -7
-11 -10 -8 -17
6 4
-4 1 -18 -14
-18 2 -7 -3
5 -11 -7 -4
-14 -11 -16 -9
-12 -6 6 3
-16 -20 -8 -1
7 6
-11 -18 3 1 7 -3
-3 -12 2 8 -7 9
7 -1 -3 -7 -11 -18
-19 3 -13 -6 2 -5
-4 7 7 -7 -20 10
2 9 -17 1 -5 -7
4 -1 -13 0 -6 -12
6 7
5 -15 -19 -10 -20 -18 -7
-18 1 -3 -15 -5 -14 3
10 -9 -9 -17 5 5 -20
-20 -10 -8 -20 -15 3 -18
3 -19 2 -4 3 -13 5
6 -11 0 -18 -8 9 -2
7 5
-13 -15 -9 -1 2
3 2 -15 2 7
-13 2 -17 10 5
-10 4 -10 -10 -7
-16 -15 -16 -16 3
-13 9 1 -20 -19
3 4 -15 9 -6
3 3
10 -3 -12
-15 -1 -12
-6 -5 -4
5 3
-3 -5 -1
8 -18 2
-8 -14 -20
4 1 8
8 7 9
6 6
-8 -3 -17 0 -5 2
-1 -12 4 -13 9 -7
-19 -17 4 -11 -11 0
-10 -8 4 5 -12 -9
-2 -17 -16 -5 -17 -20
-19 -11 -9 -15 -20 -5
5 6
-17 -5 -4 -2 5 9
-14 -19 4 -1 -18 -5
2 -10 -4 -20 -18 -5
-11 6 -6 -15 -11 6
-18 -16 -15 6 8 -17
5 4
-8 -12 -17 -4
-2 7 2 -2
-7 3 -7 2
-16 -10 3 10
8 9 -18 2
6 5
-16 4 -6 -20 -8
-9 5 -8 0 -20
0 2 -20 -5 10
-8 2 -13 -18 7
-10 -6 7 -3 -20
-6 -19 -2 -6 -13
3 5
-18 -19 7 10 -2
5 5 -4 6 -11
10 -9 4 6 -4
6 5
4 -11 -15 7 3
-19 4 -12 -13 9
0 8 8 -14 -1
-14 8 -18 5 3
-9 9 -12 0 2
8 7 -7 0 -13
6 7
-15 -11 3 2 8 -11 -1
-19 -2 -3 5 -10 -9 5
-15 -11 -12 -13 9 9 -12
1 5 9 5 1 0 -11
-3 4 -7 -11 -13 -15 -3
1 -10 3 -8 -7 -3 2
3 5
-17 -14 3 3 -13
5 -9 -8 2 4
-16 -15 -18 0 -1
5 4
9 -17 -3 6
10 0 6 -1
4 -9 4 -19
6 -20 -1 -7
-20 1 -9 9
5 6
2 -2 7 -3 -3 10
-7 -3 -13 -12 -1 8
-7 -4 3 8 -12 -8
3 -9 -18 9 -1 -14
-13 -15 -3 -7 -5 -16
7 5
8 -13 -20 8 -18
-11 -4 9 -4 -9
8 10 -9 -5 -9
-20 -19 -15 -6 3
-3 -9 2 -11 -1
-11 -12 10 -9 -20
10 -20 -9 -5 -15
4 7
-19 10 5 9 -1 10 -10
-6 -10 10 -5 9 -10 -20
-10 -3 -8 -18 -3 -1 6
-3 -5 -8 -1 -3 -18 -8
6 7
-2 -9 -3 -16 7 3 0
-1 -10 -12 -1 -11 0 6
-2 -16 -13 -12 -2 -11 -11
-6 9 -8 -11 -7 1 5
-13 4 -1 -12 5 2 -17
-13 1 9 -18 -8 5 -6
4 3
10 -4 10
-5 -4 5
-11 -19 3
0 0 -2
7 4
-1 -6 -13 9
-15 -1 -14 -14
-19 10 -4 -8
-19 -9 -14 -16
3 -16 5 10
-19 -12 -3 -12
-10 -16 -10 8
4 6
-20 5 0 -1 -13 -17
7 -7 -19 -13 -19 -18
-18 6 -12 -10 1 -11
-15 -9 3 -11 2 0
7 7
6 2 -15 -9 -2 -10 10
4 -20 -15 -18 -2 -20 -7
-10 -16 -20 3 8 8 -2
4 -6 7 -15 7 -11 9
-8 -6 -15 -20 -5 -20 -2
-19 -4 8 -7 4 -2 -20
5 -3 -16 -5 -11 -2 3
5 3
4 -20 -19
2 2 1
-17 -14 3
8 0 -11
7 -11 7
7 4
-17 3 4 2
7 -13 -3 4
-19 -5 -4 4
4 9 1 -3
8 5 -1 -18
-19 -19 -5 10
8 -19 -18 3
4 6
-17 -19 -14 -12 -3 -15
-14 -1 4 6 -18 -16
2 0 2 1 -8 -10
-16 -13 -7 -17 2 -4
3 6
-12 6 2 -3 4 2
10 -12 -1 -20 10 -18
8 -18 -19 10 -2 8
5 3
7 -6 -5
-16 -2 -12
10 -18 -15
-9 1 9
10 -10 -16
4 3
-7 3 6
-9 10 -9
-18 4 -14
-2 5 -3
7 6
3 -19 9 -19 -7 -16
-19 3 1 -14 -19 -11
-3 -3 -12 -5 -10 6
10 9 -18 9 6 6
2 6 -15 -13 -3 -16
-14 -11 -7 -7 -5 2
-2 9 10 -17 -16 3
5 3
-10 -8 -19
-1 -9 -14
-3 8 -2
-6 6 -7
-20 2 2
6 4
8 -3 10 -14
-20 10 -8 -4
-3 -17 -17 -7
-9 3 2 -14
-12 -13 5 2
-9 -8 9 -16
6 3
-2 8 -12
7 6 -8
2 -11 0
-2 -8 3
-8 0 2
-2 2 -14
6 6
-18 -8 7 -1 -20 -16
-13 -14 -19 -12 -16 -17
7 -9 -11 -10 8 5
-1 -20 -12 7 -4 -13
-1 -1 7 10 -12 -16
-2 -14 -16 9 2 8
3 4
-7 -19 8 0
6 -20 -18 -12
6 -2 -15 7
7 5
-2 -20 8 1 -3
-20 -7 -15 -1 3
7 -6 -2 0 -13
-15 -3 7 -6 -19
-20 1 -15 8 -9
7 -2 8 -16 -19
10 10 -10 9 -15
7 3
-14 -14 2
1 9 -17
0 7 -18
-6 -12 1
9 8 -15
-13 2 -2
-20 -7 -17
6 5
2 1 1 -14 -10
8 -11 -16 0 -14
0 -8 -17 1 0
4 4 -3 -14 1
-14 -7 -10 -1 -1
-15 -16 -3 2 -3
7 7
-3 -19 -20 -14 -8 7 -17
-17 -4 -16 -3 2 1 -14
9 6 1 -10 2 1 -14
9 1 2 -6 -15 -14 8
9 -7 -4 10 -2 8 8
5 -6 3 -10 -1 -14 -6
-1 4 -15 -17 0 5 9
6 4
8 -2 7 -13
-6 2 -7 2
-19 7 3 -7
1 -7 -20 -10
-7 7 0 -18
4 -3 5 -4
3 6
-1 -15 1 5 -12 -3
3 -4 4 9 -1 -1
-13 -13 -18 -9 0 -20
3 3
-20 -19 -13
-13 -8 -18
0 -17 -16
5 5
9 -19 5 5 -9
-6 -4 -18 -6 -19
-5 -2 -4 -12 -1
-11 10 -3 -12 10
-7 -8 -6 3 -20
4 7
-4 -6 -8 0 -17 7 -5
-20 -17 -4 -20 -20 -13 -12
-16 8 9 -4 -4 9 -1
-2 6 -20 10 -9 -19 6
5 5
3 -2 2 0 7
-6 -2 -6 6 9
9 -3 -13 -16 1
-9 2 -17 -11 -18
0 -13 -11 -7 -2
5 7
-11 -20 -1 -1 -20 -20 -2
-3 -10 -20 3 -4 -17 -8
2 -3 -10 -3 -6 -1 -13
8 -8 2 -10 3 -1 -5
10 -18 -9 -6 8 -15 -15
5 3
5 -19 -6
-11 -3 -10
-5 5 -16
1 -11 -8
7 10 -4
3 7
-11 -7 -11 -17 -8 -1 0
-14 -10 -4 -1 -13 -6 4
4 -2 -16 3 0 -5 -6
6 5
-19 6 9 5 3
6 0 1 -4 -6
8 -16 10 -18 1
-12 1 -16 -9 -9
5 -16 8 -14 -4
-4 -7 -10 -18 -2
6 5
-18 -19 -12 -5 9
-1 -1 -16 10 -9
2 -11 -10 -14 -1
2 -3 -9 0 -5
-9 -13 3 -3 -20
-14 0 3 -14 -6
7 5
7 -15 -3 -4 -1
0 5 -20 2 -20
0 -16 -12 -3 0
-7 -9 -7 7 6
2 -14 -11 1 -8
-12 -19 -4 -13 -9
-11 7 -16 -7 5
4 7
-9 2 -8 -2 -5 9 -4
-6 -18 -5 -19 -19 -1 1
-7 8 -4 2 8 -6 -6
-11 10 0 -8 -2 5 -3
3 5
-9 1 3 8 -7
10 6 9 -10 -8
9 6 -14 -2 6
3 6
-7 -5 -10 4 -18 -9
-17 -2 -17 8 9 -2
-4 -13 0 1 -16 -18
3 7
-11 -13 5 -15 -20 -5 10
8 8 -2 -6 -9 8 -16
6 -15 1 2 9 8 -10
6 4
5 -12 -3 1
-1 6 -17 -7
5 -4 4 5
7 -6 -19 -4
-2 8 -9 9
6 -15 -6 -13
7 3
7 -1 -9
5 -8 -10
-12 4 5
10 3 5
-18 -12 -2
9 -13 -17
0 -15 -14
7 4
10 -16 4 -6
7 -12 1 -2
-7 -13 6 -2
-7 -16 8 1
-19 -8 4 -19
-2 -3 4 -14
-15 7 -11 3
6 5
-3 10 -17 7 -19
-15 7 -8 -4 5
4 -9 -12 6 -10
-6 8 -12 8 2
9 -3 -15 1 -17
-15 9 -3 3 -15
7 6
9 0 -11 -7 -12 8
5 -16 8 -16 -20 -11
-9 -20 4 -9 -3 -15
-4 -8 8 -9 -20 -8
3 -1 -2 -11 -18 -4
-7 -16 -10 0 -4 -15
-14 6 2 -2 -1 -6
7 6
-9 -12 -2 4 8 5
-9 -2 -17 2 -10 -10
-12 -2 6 5 5 -1
-6 -3 3 -7 -15 -12
1 7 8 -1 -19 -20
-18 7 6 2 -13 -7
6 -12 -1 9 8 -7
7 7
7 4 -12 -20 6 -3 9
4 -20 -9 -20 2 5 -4
-5 -18 -15 4 5 -12 -13
-2 6 4 -12 0 -19 -15
3 -18 -6 -4 -10 1 -19
5 -1 0 -18 -20 3 7
2 -18 -16 8 10 0 -17
